pmed1 100 5 127
pmed2 100 10 98
pmed3 100 10 93
pmed4 100 20 74
pmed5 100 33 48
pmed22 500 10 38
pmed23 500 50 22
pmed24 500 100 15
pmed25 500 167 11
pmed26 600 5 38
pmed27 600 10 32
pmed28 600 60 18
pmed29 600 120 13
pmed30 600 200 9
pmed31 700 5 30
pmed32 700 10 29
pmed33 700 70 15
pmed34 700 140 11
pmed35 800 5 30
pmed36 800 10 27
pmed37 800 80 15
pmed38 900 5 29
pmed39 900 10 23
pmed40 900 90 13
kroA200 200 20 389.31
kroA200 200 10 598.82
kroA200 200 5 911.41
kroB200 200 40 253.24
kroB200 200 20 382.28
kroB200 200 10 582.10
kroB200 200 5 897.67
EOF


